0
0
0
0
0
0
0
0
0
0
0
0
0
0
0
0
0
0
0
1
0
0
0
0
0
0
0
0
0
0
0
0
0
0
0
0
0
0
-2081709
-2425785
-7438722
5957553
-2138276
-2336325
-8262586
-3035819
1077195
6936654
1076576
-1133889
-6317300
3924372
-7149918
2584774
751390
6348568
487994
-711053
-763568
-6592218
-634858
1023408
5624535
-3926051
2853155
-2005177
-312018
192668
-340144
993326
7569484
7973297
2778223
-3878360
6519969
2440807
-5172768
3989938
-2506002
5410133
2784005
-6358206
3245029
-66803
4478099
-1801768
2482586
-1879287
7228072
-1376042
-914230
-4955910
-3825734
4031285
-4335639
